1, 50000000, 870
1, 100000000, 547
2, 50000000, 519
2, 100000000, 257
1, 50000000, 859
1, 100000000, 548
2, 50000000, 554
2, 100000000, 216
1, 500000000, 923
1, 1000000000, 005
1, 1500000000, 492
1, 2000000000, 187
1, 2500000000, 089
1, 3000000000, 104
1, 3500000000, 313
1, 500000000, 974
1, 1000000000, 025
1, 1500000000, 549
1, 2000000000, 211
1, 2500000000, 072
{1,, 500000000, 058
{1,, 1000000000, 111
{1,, 1500000000, 166
{1,, 2000000000, 223
{1,, 2500000000, 280
{1,, 3000000000, 329
{1,, 3500000000, 389
{1,, 4294967295, 470
2,, 500000000, 704
2,, 1000000000, 528
2,, 1500000000, 568
1, 500000000, 920
1, 1000000000, 997
1, 1500000000, 494
1, 2000000000, 179
1, 2500000000, 204
1, 3000000000, 400
1, 3500000000, 239
